Error 11.27912
Error 7.36545
Error 7.02159
Error 6.54370
Error 6.43844
Error 6.36959
Error 6.31471
Error 6.26710
Error 6.22499
Error 6.18785
Results
[0.28, 0.3, 0.0]  -->  [-0.006494859080781733]
[0.31, 0.31, 0.0]  -->  [0.03109756116974254]
[0.315, 0.315, 0.0]  -->  [0.0364244667619856]
[0.315, 0.315, 0.02]  -->  [0.04346818861431888]
[0.315, 0.315, 0.04]  -->  [0.04989136269553571]
[0.32, 0.32, 0.0]  -->  [0.04206888885551041]
[0.33, 0.33, 0.0]  -->  [0.05437074221139356]
[0.5, 0.34, 0.1]  -->  [0.7955899834032429]
Input Weights:
[1.9323954123040925, 12.212284007848405, 0.667046405545631]
[-3.6565158027344307, -5.666341368581917, -2.275726647886803]
[-2.8150929549713894, -0.8813455202916709, 0.6705570312685236]
