Results
[0.3, 0.3, 0.0]  -->  [0.8510588607685065]
[0.31, 0.31, 0.0]  -->  [0.887674984321748]
[0.315, 0.315, 0.0]  -->  [0.9015770292311582]
[0.315, 0.315, 0.02]  -->  [0.7509958253681466]
[0.315, 0.315, 0.04]  -->  [0.4686447381534454]
[0.32, 0.32, 0.0]  -->  [0.9130945947535329]
[0.33, 0.33, 0.0]  -->  [0.9304588032261555]
[0.34, 0.34, 0.0]  -->  [0.9422851123034496]
Input Weights:
[3.296479466586656, 23.18110070700445]
[2.3939671691401476, -7.078434171585661]
[-5.5190022404695425, -26.786571031984376]
