Error 10.62297
Error 6.42294
Error 6.02801
Error 5.83083
Error 5.73588
Error 5.69197
Error 5.66830
Error 5.65365
Error 5.64363
Error 5.63627
Results
[0.28, 0.3, 0.0]  -->  [0.053181461851535765]
[0.31, 0.31, 0.0]  -->  [0.14755182882128481]
[0.315, 0.315, 0.0]  -->  [0.15475246321688654]
[0.315, 0.315, 0.02]  -->  [0.15818523513930666]
[0.315, 0.315, 0.04]  -->  [0.16180137493051847]
[0.32, 0.32, 0.0]  -->  [0.16194784357434308]
[0.33, 0.33, 0.0]  -->  [0.17637296897417085]
[0.5, 0.34, 0.1]  -->  [0.6510781201603686]
Input Weights:
[1.4921191605042377, 7.64684626136697, 5.365459452527703]
[-1.6020745151218194, 3.6546397773804182, -3.2196425348382443]
[0.4221022770837646, 3.5108551419237033, 0.044576962978293985]
